|125985|15	PFE0230w:pep	46.15	13	7	0	2	14	858	870	9.8	20.4
|125985|18	PF14_0270:pep	70.00	10	3	0	5	14	312	321	4.4	21.6
|125985|95	PFF0350w:pep	66.67	12	4	0	3	14	322	333	9.7	20.4
|125985|96	PFF0350w:pep	66.67	12	4	0	2	13	322	333	9.7	20.4
|125985|97	PFF0350w:pep	66.67	12	4	0	1	12	322	333	8.0	20.8
|125985|98	PFF0350w:pep	72.73	11	3	0	1	11	323	333	8.4	20.8
|125985|106	MAL7P1.157a:pep	58.33	12	5	0	3	14	203	214	5.5	21.2
|125985|107	MAL7P1.157a:pep	53.85	13	6	0	2	14	203	215	5.5	21.2
|125985|108	MAL7P1.157a:pep	57.14	14	6	0	1	14	203	216	1.1	23.5
|125985|109	MAL7P1.157a:pep	61.54	13	5	0	1	13	204	216	4.0	21.6
|125985|126	MAL13P1.245:pep	64.29	14	5	0	1	14	530	543	7.9	20.8
|125985|162	PF08_0045:pep	57.14	14	6	0	1	14	574	587	6.8	21.2
|125985|224	PF14_0151:pep	61.54	13	5	0	2	14	43	55	9.2	20.4
|125985|225	PF14_0151:pep	61.54	13	5	0	1	13	43	55	8.2	20.8
|125985|267	PFL0115w:pep	75.00	12	3	0	3	14	1506	1517	7.0	21.2
|125985|270	PFC1120c:pep	90.00	10	1	0	4	13	671	680	7.6	20.8
|125985|271	PFC1120c:pep	83.33	12	2	0	3	14	671	682	1.4	23.1
|125985|272	PFC1120c:pep	83.33	12	2	0	2	13	671	682	2.1	22.7
|125985|273	PFC1120c:pep	83.33	12	2	0	1	12	671	682	2.7	22.3
|125985|329	PFF0770c:pep	80.00	10	2	0	2	11	1267	1276	5.4	21.6
|125985|362	PFC0840w:pep	57.14	14	6	0	1	14	267	280	7.3	21.2
|125985|364	PFC0840w:pep	57.14	14	6	0	1	14	269	282	3.6	21.9
|125985|365	PFC0840w:pep	72.73	11	3	0	3	13	272	282	2.7	22.3
|125985|366	PFC0840w:pep	72.73	11	3	0	2	12	272	282	3.9	21.9
|125985|367	PFC0840w:pep	72.73	11	3	0	1	11	272	282	2.4	22.3
|134037|13	PF13_0052:pep	50.00	14	7	0	1	14	163	176	5.6	21.2
|134037|19	PF14_0586:pep	69.23	13	4	0	2	14	230	242	2.2	22.3
|134037|20	PF14_0586:pep	69.23	13	4	0	1	13	230	242	2.8	21.9
|134037|21	PF14_0586:pep	80.00	10	2	0	3	12	233	242	5.3	21.2
|134037|22	MAL8P1.9:pep	61.54	13	5	0	2	14	20	32	1.4	22.3
|134037|23	MAL8P1.9:pep	57.14	14	6	0	1	14	20	33	0.88	22.7
|134037|24	PF14_0146:pep	53.85	13	6	0	2	14	23	35	0.61	23.9
|134037|25	PF14_0146:pep	57.14	14	6	0	1	14	23	36	0.10	26.2
|134037|26	PF14_0146:pep	61.54	13	5	0	2	14	25	37	0.063	26.9
|134037|27	PF14_0146:pep	57.14	14	6	0	1	14	25	38	0.038	27.3
|134037|28	PF14_0146:pep	50.00	14	7	0	1	14	26	39	0.12	25.8
|134037|29	PF14_0146:pep	57.14	14	6	0	1	14	27	40	0.079	26.6
|134037|30	PF14_0146:pep	53.85	13	6	0	1	13	28	40	0.49	24.3
|134037|31	PF14_0146:pep	50.00	14	7	0	1	14	29	42	0.43	24.3
|134037|32	PF14_0146:pep	50.00	12	6	0	2	13	31	42	1.4	22.7
|134037|33	PF14_0146:pep	42.86	14	8	0	1	14	31	44	0.97	23.5
|134037|34	PF14_0146:pep	50.00	14	7	0	1	14	32	45	0.28	25.0
|134037|35	PF14_0146:pep	57.14	14	6	0	1	14	33	46	0.10	26.2
|134037|36	PF14_0146:pep	57.14	14	6	0	1	14	34	47	0.11	26.2
|134037|37	PF14_0146:pep	64.29	14	5	0	1	14	35	48	0.051	26.9
|134037|38	PF14_0146:pep	57.14	14	6	0	1	14	36	49	0.26	25.0
|134037|39	PF14_0146:pep	57.14	14	6	0	1	14	37	50	0.35	24.6
|134037|40	PF14_0146:pep	53.85	13	6	0	1	13	38	50	2.2	22.3
|134037|41	PF14_0146:pep	50.00	14	7	0	1	14	39	52	3.1	21.9
|134037|60	PF14_0146:pep	61.54	13	5	0	2	14	57	69	2.9	21.9
|134037|61	PF14_0146:pep	64.29	14	5	0	1	14	57	70	0.48	24.3
|134037|62	PF14_0146:pep	71.43	14	4	0	1	14	58	71	0.19	25.4
|134037|63	PF14_0146:pep	76.92	13	3	0	2	14	60	72	0.089	26.2
|134037|64	PF14_0146:pep	71.43	14	4	0	1	14	60	73	0.050	26.9
|134037|65	PF14_0146:pep	71.43	14	4	0	1	14	61	74	0.058	26.9
|134037|66	PF14_0146:pep	71.43	14	4	0	1	14	62	75	0.083	26.6
|134037|67	PF14_0146:pep	69.23	13	4	0	1	13	63	75	0.39	24.6
|134037|68	PF14_0146:pep	71.43	14	4	0	1	14	64	77	0.15	25.8
|134037|69	PF14_0146:pep	69.23	13	4	0	1	13	65	77	0.80	23.5
|134037|70	PF14_0146:pep	64.29	14	5	0	1	14	66	79	0.66	23.9
|134037|71	PF14_0146:pep	69.23	13	4	0	1	13	67	79	1.6	22.7
|134037|72	PF14_0146:pep	66.67	12	4	0	1	12	68	79	3.9	21.6
|134037|73	PF14_0146:pep	64.29	14	5	0	1	14	69	82	4.0	21.6
|134037|204	PF13_0233:pep	58.33	12	5	0	3	14	73	84	3.4	21.9
|134037|205	PF13_0233:pep	58.33	12	5	0	2	13	73	84	3.4	21.9
|134037|206	PF13_0233:pep	58.33	12	5	0	1	12	73	84	3.4	21.9
|134037|209	PF11_0108:pep	63.64	11	4	0	4	14	33	43	2.4	22.3
|134037|210	PF11_0108:pep	63.64	11	4	0	3	13	33	43	2.4	22.3
|134037|211	PF11_0108:pep	63.64	11	4	0	2	12	33	43	2.4	22.3
|134037|212	PF11_0108:pep	63.64	11	4	0	1	11	33	43	2.4	22.3
|134037|217	PFI1830c:pep	50.00	14	7	0	1	14	1126	1139	1.8	23.1
|29568103|19	PFF0575c:pep	57.14	14	6	0	1	14	447	460	4.0	21.9
|29568103|20	PF14_0420:pep	57.14	14	6	0	1	14	5	18	3.2	21.9
|29568103|30	PFL1890c:pep	60.00	10	4	0	5	14	521	530	8.4	20.8
|29568103|31	PFL1890c:pep	60.00	10	4	0	4	13	521	530	8.2	20.8
|29568103|32	PFL1890c:pep	60.00	10	4	0	3	12	521	530	7.5	20.8
|29568103|33	PFL1890c:pep	60.00	10	4	0	2	11	521	530	5.8	21.2
|29568103|34	PFL1890c:pep	60.00	10	4	0	1	10	521	530	4.8	21.6
|29568103|47	PFD0020c:pep	66.67	12	4	0	3	14	1946	1957	6.9	21.2
|29568103|48	PFD0020c:pep	66.67	12	4	0	2	13	1946	1957	6.9	21.2
|29568103|86	MAL8P1.65:pep	60.00	10	4	0	4	13	1152	1161	4.6	21.6
|29568103|87	MAL8P1.65:pep	60.00	10	4	0	3	12	1152	1161	7.4	20.8
|29568103|88	MAL8P1.65:pep	60.00	10	4	0	2	11	1152	1161	3.5	21.9
|29568103|89	MAL8P1.65:pep	60.00	10	4	0	1	10	1152	1161	3.2	21.9
|29568103|116	MAL13P1.338:pep	64.29	14	5	0	1	14	111	124	5.1	21.2
|29568103|117	MAL13P1.338:pep	64.29	14	5	0	1	14	112	125	1.9	22.7
|29568103|118	MAL13P1.338:pep	69.23	13	4	0	1	13	113	125	1.9	22.7
|29568103|119	MAL13P1.338:pep	57.14	14	6	0	1	14	114	127	9.0	20.4
|29568103|126	PFL1130c:pep	72.73	11	3	0	4	14	2063	2073	8.8	20.8
|29568103|127	PFL1130c:pep	72.73	11	3	0	3	13	2063	2073	3.8	21.9
|29568103|128	PFL1130c:pep	72.73	11	3	0	2	12	2063	2073	3.8	21.9
|29568103|129	MAL13P1.239:pep	70.00	10	3	0	5	14	913	922	7.0	21.2
|29568103|130	MAL13P1.239:pep	70.00	10	3	0	4	13	913	922	2.9	22.3
|29568103|131	MAL13P1.239:pep	58.33	12	5	0	3	14	913	924	1.5	23.1
|29568103|132	MAL13P1.239:pep	58.33	12	5	0	2	13	913	924	1.5	23.1
|29568103|133	MAL13P1.239:pep	58.33	12	5	0	1	12	913	924	1.5	23.1
|29568103|136	MAL13P1.338:pep	100.00	8	0	0	7	14	136	143	3.6	21.9
|29568103|137	MAL13P1.338:pep	100.00	9	0	0	6	14	136	144	0.81	23.9
|29568103|138	PF14_0057:pep	57.14	14	6	0	1	14	58	71	0.42	23.9
|29568103|139	MAL13P1.338:pep	90.91	11	1	0	4	14	136	146	0.15	26.2
|29568103|140	MAL13P1.338:pep	91.67	12	1	0	3	14	136	147	0.021	28.5
|29568103|141	MAL13P1.338:pep	91.67	12	1	0	2	13	136	147	0.025	28.5
|29568103|142	MAL13P1.338:pep	78.57	14	3	0	1	14	136	149	0.022	28.5
|29568103|143	MAL13P1.338:pep	76.92	13	3	0	1	13	137	149	0.073	26.9
|29568103|144	MAL13P1.338:pep	71.43	14	4	0	1	14	138	151	0.18	25.8
|29568103|145	MAL13P1.338:pep	64.29	14	5	0	1	14	139	152	0.79	23.9
|29568103|146	MAL13P1.338:pep	57.14	14	6	0	1	14	140	153	5.1	21.2
|29568103|147	MAL13P1.338:pep	57.14	14	6	0	1	14	141	154	8.0	20.8
|29568103|148	MAL13P1.338:pep	57.14	14	6	0	1	14	142	155	5.1	21.2
|29568103|149	MAL13P1.338:pep	57.14	14	6	0	1	14	143	156	8.3	20.8
|29568103|156	MAL13P1.338:pep	76.92	13	3	0	2	14	151	163	3.8	21.6
|29568103|157	MAL13P1.338:pep	71.43	14	4	0	1	14	151	164	3.2	21.9
|29568103|159	MAL13P1.338:pep	76.92	13	3	0	2	14	154	166	3.8	21.6
|29568103|160	MAL13P1.338:pep	78.57	14	3	0	1	14	154	167	1.1	23.5
|29568103|161	MAL13P1.338:pep	71.43	14	4	0	1	14	155	168	1.4	23.1
|29568103|162	MAL13P1.338:pep	75.00	12	3	0	3	14	158	169	1.7	22.7
|29568103|163	MAL13P1.338:pep	76.92	13	3	0	2	14	158	170	3.8	21.6
|29568103|164	MAL13P1.338:pep	78.57	14	3	0	1	14	158	171	0.89	23.9
|29568103|165	MAL13P1.338:pep	71.43	14	4	0	1	14	159	172	1.0	23.5
|29568103|166	MAL13P1.338:pep	71.43	14	4	0	1	14	160	173	0.80	23.9
|29568103|167	MAL13P1.338:pep	71.43	14	4	0	1	14	161	174	0.41	24.6
|29568103|168	MAL13P1.338:pep	71.43	14	4	0	1	14	162	175	0.57	24.3
|29568103|169	MAL13P1.338:pep	71.43	14	4	0	1	14	163	176	0.43	24.6
|29568103|170	MAL13P1.338:pep	71.43	14	4	0	1	14	164	177	0.49	24.6
|29568103|171	MAL13P1.338:pep	76.92	13	3	0	2	14	166	178	0.044	27.7
|29568103|172	MAL13P1.338:pep	78.57	14	3	0	1	14	166	179	0.053	27.3
|29568103|173	MAL13P1.338:pep	76.92	13	3	0	1	13	167	179	0.062	27.3
|29568103|174	MAL13P1.338:pep	71.43	14	4	0	1	14	168	181	0.005	30.4
|29568103|175	MAL13P1.338:pep	76.92	13	3	0	1	13	169	181	0.033	28.1
|29568103|176	MAL13P1.338:pep	71.43	14	4	0	1	14	170	183	0.041	27.7
|29568103|177	MAL13P1.338:pep	71.43	14	4	0	1	14	171	184	0.12	26.6
|29568103|178	MAL13P1.338:pep	71.43	14	4	0	1	14	172	185	0.083	26.9
|29568103|179	MAL13P1.338:pep	78.57	14	3	0	1	14	173	186	0.061	27.3
|29568103|180	MAL13P1.338:pep	78.57	14	3	0	1	14	174	187	0.016	28.9
|29568103|181	MAL13P1.338:pep	78.57	14	3	0	1	14	175	188	0.004	30.8
|29568103|182	MAL13P1.338:pep	78.57	14	3	0	1	14	176	189	0.004	30.8
|29568103|183	MAL13P1.338:pep	76.92	13	3	0	1	13	177	189	0.018	28.9
|29568103|184	MAL13P1.338:pep	71.43	14	4	0	1	14	178	191	0.029	28.1
|29568103|185	MAL13P1.338:pep	76.92	13	3	0	1	13	179	191	0.067	26.9
|29568103|186	MAL13P1.338:pep	81.82	11	2	0	2	12	181	191	0.25	25.4
|29568103|187	MAL13P1.338:pep	71.43	14	4	0	1	14	181	194	0.086	26.9
|29568103|188	MAL13P1.338:pep	75.00	12	3	0	2	13	183	194	1.4	23.1
|29568103|189	MAL13P1.338:pep	75.00	12	3	0	1	12	183	194	0.95	23.5
|29568103|265	PF14_0527:pep	57.14	14	6	0	1	14	89	102	4.6	21.6
|29568103|300	PF10_0128:pep	70.00	10	3	0	5	14	153	162	6.4	21.2
|29568103|301	PF10_0128:pep	70.00	10	3	0	4	13	153	162	6.4	21.2
|29568103|302	PF10_0128:pep	70.00	10	3	0	3	12	153	162	6.4	21.2
|29568103|303	PF10_0128:pep	70.00	10	3	0	2	11	153	162	6.4	21.2
|29568103|304	PF10_0128:pep	57.14	14	6	0	1	14	153	166	6.3	21.2
|29568103|324	PFB0650w:pep	50.00	14	7	0	1	14	1107	1120	2.2	22.7
|29568103|325	PFL0005w:pep	66.67	12	4	0	2	13	750	761	6.4	21.2
|29568103|326	PFL0005w:pep	66.67	12	4	0	1	12	750	761	6.1	21.2
|38150007|13	PF13_0052:pep	50.00	14	7	0	1	14	163	176	5.6	21.2
|38150007|19	PF14_0586:pep	69.23	13	4	0	2	14	230	242	2.2	22.3
|38150007|20	PF14_0586:pep	69.23	13	4	0	1	13	230	242	2.8	21.9
|38150007|21	PF14_0586:pep	80.00	10	2	0	3	12	233	242	5.3	21.2
|38150007|22	MAL8P1.9:pep	61.54	13	5	0	2	14	20	32	1.4	22.3
|38150007|23	MAL8P1.9:pep	57.14	14	6	0	1	14	20	33	0.88	22.7
|38150007|24	PF14_0146:pep	53.85	13	6	0	2	14	23	35	0.61	23.9
|38150007|25	PF14_0146:pep	57.14	14	6	0	1	14	23	36	0.10	26.2
|38150007|26	PF14_0146:pep	61.54	13	5	0	2	14	25	37	0.063	26.9
|38150007|27	PF14_0146:pep	57.14	14	6	0	1	14	25	38	0.038	27.3
|38150007|28	PF14_0146:pep	50.00	14	7	0	1	14	26	39	0.12	25.8
|38150007|29	PF14_0146:pep	57.14	14	6	0	1	14	27	40	0.079	26.6
|38150007|30	PF14_0146:pep	53.85	13	6	0	1	13	28	40	0.49	24.3
|38150007|31	PF14_0146:pep	50.00	14	7	0	1	14	29	42	0.43	24.3
|38150007|32	PF14_0146:pep	50.00	12	6	0	2	13	31	42	1.4	22.7
|38150007|33	PF14_0146:pep	42.86	14	8	0	1	14	31	44	0.97	23.5
|38150007|34	PF14_0146:pep	50.00	14	7	0	1	14	32	45	0.28	25.0
|38150007|35	PF14_0146:pep	57.14	14	6	0	1	14	33	46	0.10	26.2
|38150007|36	PF14_0146:pep	57.14	14	6	0	1	14	34	47	0.11	26.2
|38150007|37	PF14_0146:pep	64.29	14	5	0	1	14	35	48	0.051	26.9
|38150007|38	PF14_0146:pep	57.14	14	6	0	1	14	36	49	0.26	25.0
|38150007|39	PF14_0146:pep	57.14	14	6	0	1	14	37	50	0.35	24.6
|38150007|40	PF14_0146:pep	53.85	13	6	0	1	13	38	50	2.2	22.3
|38150007|41	PF14_0146:pep	50.00	14	7	0	1	14	39	52	3.1	21.9
|38150007|60	PF14_0146:pep	61.54	13	5	0	2	14	57	69	2.9	21.9
|38150007|61	PF14_0146:pep	64.29	14	5	0	1	14	57	70	0.48	24.3
|38150007|62	PF14_0146:pep	71.43	14	4	0	1	14	58	71	0.19	25.4
|38150007|63	PF14_0146:pep	76.92	13	3	0	2	14	60	72	0.089	26.2
|38150007|64	PF14_0146:pep	71.43	14	4	0	1	14	60	73	0.050	26.9
|38150007|65	PF14_0146:pep	71.43	14	4	0	1	14	61	74	0.058	26.9
|38150007|66	PF14_0146:pep	71.43	14	4	0	1	14	62	75	0.083	26.6
|38150007|67	PF14_0146:pep	69.23	13	4	0	1	13	63	75	0.39	24.6
|38150007|68	PF14_0146:pep	71.43	14	4	0	1	14	64	77	0.15	25.8
|38150007|69	PF14_0146:pep	69.23	13	4	0	1	13	65	77	0.80	23.5
|38150007|70	PF14_0146:pep	64.29	14	5	0	1	14	66	79	0.66	23.9
|38150007|71	PF14_0146:pep	69.23	13	4	0	1	13	67	79	1.6	22.7
|38150007|72	PF14_0146:pep	66.67	12	4	0	1	12	68	79	3.9	21.6
|38150007|73	PF14_0146:pep	64.29	14	5	0	1	14	69	82	4.0	21.6
|38150007|204	PF13_0233:pep	58.33	12	5	0	3	14	73	84	3.4	21.9
|38150007|205	PF13_0233:pep	58.33	12	5	0	2	13	73	84	3.4	21.9
|38150007|206	PF13_0233:pep	58.33	12	5	0	1	12	73	84	3.4	21.9
|38150007|209	PF11_0108:pep	63.64	11	4	0	4	14	33	43	2.4	22.3
|38150007|210	PF11_0108:pep	63.64	11	4	0	3	13	33	43	2.4	22.3
|38150007|211	PF11_0108:pep	63.64	11	4	0	2	12	33	43	2.4	22.3
|38150007|212	PF11_0108:pep	63.64	11	4	0	1	11	33	43	2.4	22.3
|38150007|217	PFI1830c:pep	50.00	14	7	0	1	14	1126	1139	1.8	23.1
|4506669|4	PF11_0043:pep	75.00	12	3	0	3	14	16	27	1.6	22.3
|4506669|5	PF11_0043:pep	69.23	13	4	0	2	14	16	28	0.76	23.1
|4506669|6	PF11_0043:pep	64.29	14	5	0	1	14	16	29	0.31	24.3
|4506669|7	PF11_0043:pep	57.14	14	6	0	1	14	17	30	1.2	22.7
|4506669|8	PF11_0043:pep	53.85	13	6	0	2	14	19	31	1.1	22.7
|4506669|9	PF11_0043:pep	50.00	14	7	0	1	14	19	32	0.70	23.5
|4506669|10	PF11_0043:pep	46.15	13	7	0	2	14	21	33	4.2	21.2
|4506669|11	PF11_0043:pep	50.00	14	7	0	1	14	21	34	0.95	23.1
|4506669|13	PF11_0043:pep	50.00	14	7	0	1	14	23	36	1.8	22.3
|4506669|14	PF11_0043:pep	46.15	13	7	0	1	13	24	36	6.7	20.4
|4506669|15	PF11_0043:pep	42.86	14	8	0	1	14	25	38	6.7	20.4
|4506669|50	PFC0385c:pep	72.73	11	3	0	3	13	812	822	8.8	20.8
|4506669|51	PFC0385c:pep	72.73	11	3	0	2	12	812	822	7.2	21.2
|4506669|52	PFC0385c:pep	72.73	11	3	0	1	11	812	822	6.8	21.2
|4507125|13	PF13_0052:pep	50.00	14	7	0	1	14	163	176	5.6	21.2
|4507125|19	PF14_0586:pep	69.23	13	4	0	2	14	230	242	2.2	22.3
|4507125|20	PF14_0586:pep	69.23	13	4	0	1	13	230	242	2.8	21.9
|4507125|21	PF14_0586:pep	80.00	10	2	0	3	12	233	242	5.3	21.2
|4507125|22	MAL8P1.9:pep	61.54	13	5	0	2	14	20	32	1.4	22.3
|4507125|23	MAL8P1.9:pep	57.14	14	6	0	1	14	20	33	0.88	22.7
|4507125|24	PF14_0146:pep	53.85	13	6	0	2	14	23	35	0.61	23.9
|4507125|25	PF14_0146:pep	57.14	14	6	0	1	14	23	36	0.10	26.2
|4507125|26	PF14_0146:pep	61.54	13	5	0	2	14	25	37	0.063	26.9
|4507125|27	PF14_0146:pep	57.14	14	6	0	1	14	25	38	0.038	27.3
|4507125|28	PF14_0146:pep	50.00	14	7	0	1	14	26	39	0.12	25.8
|4507125|29	PF14_0146:pep	57.14	14	6	0	1	14	27	40	0.079	26.6
|4507125|30	PF14_0146:pep	53.85	13	6	0	1	13	28	40	0.49	24.3
|4507125|31	PF14_0146:pep	50.00	14	7	0	1	14	29	42	0.43	24.3
|4507125|32	PF14_0146:pep	50.00	12	6	0	2	13	31	42	1.4	22.7
|4507125|33	PF14_0146:pep	42.86	14	8	0	1	14	31	44	0.97	23.5
|4507125|34	PF14_0146:pep	50.00	14	7	0	1	14	32	45	0.28	25.0
|4507125|35	PF14_0146:pep	57.14	14	6	0	1	14	33	46	0.10	26.2
|4507125|36	PF14_0146:pep	57.14	14	6	0	1	14	34	47	0.11	26.2
|4507125|37	PF14_0146:pep	64.29	14	5	0	1	14	35	48	0.051	26.9
|4507125|38	PF14_0146:pep	57.14	14	6	0	1	14	36	49	0.26	25.0
|4507125|39	PF14_0146:pep	57.14	14	6	0	1	14	37	50	0.35	24.6
|4507125|40	PF14_0146:pep	53.85	13	6	0	1	13	38	50	2.2	22.3
|4507125|41	PF14_0146:pep	50.00	14	7	0	1	14	39	52	3.1	21.9
|4507125|60	PF14_0146:pep	61.54	13	5	0	2	14	57	69	2.9	21.9
|4507125|61	PF14_0146:pep	64.29	14	5	0	1	14	57	70	0.48	24.3
|4507125|62	PF14_0146:pep	71.43	14	4	0	1	14	58	71	0.19	25.4
|4507125|63	PF14_0146:pep	76.92	13	3	0	2	14	60	72	0.089	26.2
|4507125|64	PF14_0146:pep	71.43	14	4	0	1	14	60	73	0.050	26.9
|4507125|65	PF14_0146:pep	71.43	14	4	0	1	14	61	74	0.058	26.9
|4507125|66	PF14_0146:pep	71.43	14	4	0	1	14	62	75	0.083	26.6
|4507125|67	PF14_0146:pep	69.23	13	4	0	1	13	63	75	0.39	24.6
|4507125|68	PF14_0146:pep	71.43	14	4	0	1	14	64	77	0.15	25.8
|4507125|69	PF14_0146:pep	69.23	13	4	0	1	13	65	77	0.80	23.5
|4507125|70	PF14_0146:pep	64.29	14	5	0	1	14	66	79	0.66	23.9
|4507125|71	PF14_0146:pep	69.23	13	4	0	1	13	67	79	1.6	22.7
|4507125|72	PF14_0146:pep	66.67	12	4	0	1	12	68	79	3.9	21.6
|4507125|73	PF14_0146:pep	64.29	14	5	0	1	14	69	82	4.0	21.6
|4507125|204	PF13_0233:pep	58.33	12	5	0	3	14	73	84	3.4	21.9
|4507125|205	PF13_0233:pep	58.33	12	5	0	2	13	73	84	3.4	21.9
|4507125|206	PF13_0233:pep	58.33	12	5	0	1	12	73	84	3.4	21.9
|4507125|209	PF11_0108:pep	63.64	11	4	0	4	14	33	43	2.4	22.3
|4507125|210	PF11_0108:pep	63.64	11	4	0	3	13	33	43	2.4	22.3
|4507125|211	PF11_0108:pep	63.64	11	4	0	2	12	33	43	2.4	22.3
|4507125|212	PF11_0108:pep	63.64	11	4	0	1	11	33	43	2.4	22.3
|4759156|3	PFI1695c:pep	70.00	10	3	0	5	14	8	17	9.5	20.4
|4759156|4	PFI1695c:pep	70.00	10	3	0	4	13	8	17	9.6	20.4
|4759156|5	MAL13P1.35:pep	66.67	12	4	0	3	14	173	184	5.9	21.2
|4759156|6	PFI1695c:pep	61.54	13	5	0	2	14	8	20	1.9	22.3
|4759156|7	PFI1695c:pep	64.29	14	5	0	1	14	8	21	0.58	23.9
|4759156|8	MAL13P1.35:pep	57.14	14	6	0	1	14	174	187	3.5	21.9
|4759156|10	MAL13P1.35:pep	57.14	14	6	0	1	14	176	189	3.7	21.9
|4759156|11	MAL13P1.35:pep	57.14	14	6	0	1	14	177	190	3.4	21.9
|4759156|12	MAL13P1.35:pep	57.14	14	6	0	1	14	178	191	2.6	22.3
|4759156|13	MAL13P1.35:pep	57.14	14	6	0	1	14	179	192	6.0	21.2
|4759156|14	MAL13P1.35:pep	61.54	13	5	0	2	14	181	193	4.3	21.6
|4759156|15	MAL13P1.35:pep	57.14	14	6	0	1	14	181	194	3.3	21.9
|4759156|24	PF13_0122:pep	75.00	12	3	0	3	14	21	32	2.2	21.9
|4759156|25	PF13_0122:pep	75.00	12	3	0	2	13	21	32	1.4	22.7
|4759156|26	PF13_0122:pep	71.43	14	4	0	1	14	21	34	0.48	23.9
|4759156|27	PF13_0122:pep	76.92	13	3	0	1	13	22	34	0.42	23.9
|4759156|28	PF13_0122:pep	75.00	12	3	0	1	12	23	34	2.1	21.9
|4759156|29	PF14_0194:pep	57.14	14	6	0	1	14	123	136	1.8	22.7
|4759156|31	PF11_0083:pep	66.67	12	4	0	3	14	246	257	3.3	21.9
|4759156|32	PF11_0083:pep	69.23	13	4	0	2	14	246	258	0.97	23.5
|4759156|33	PF11_0083:pep	71.43	14	4	0	1	14	246	259	0.17	25.8
|4759156|34	PF11_0083:pep	64.29	14	5	0	1	14	247	260	0.96	23.5
|4759156|35	PF11_0083:pep	57.14	14	6	0	1	14	248	261	2.0	22.7
|4759156|36	PF11_0083:pep	61.54	13	5	0	1	13	249	261	3.0	21.9
|4759156|45	PFI1695c:pep	61.54	13	5	0	2	14	47	59	2.2	22.3
|4759156|46	PFI1695c:pep	61.54	13	5	0	1	13	47	59	2.2	22.3
|4759156|47	PFI1695c:pep	66.67	12	4	0	1	12	48	59	4.5	21.2
|4759156|48	PFI1695c:pep	53.85	13	6	0	2	14	50	62	2.7	21.9
|4759156|49	PFI1695c:pep	50.00	14	7	0	1	14	50	63	1.8	22.3
|4759156|50	PFI1695c:pep	53.85	13	6	0	2	14	52	64	0.93	23.5
|4759156|51	PFI1695c:pep	50.00	14	7	0	1	14	52	65	0.65	23.9
|4759156|52	PFI1695c:pep	50.00	14	7	0	1	14	53	66	0.87	23.5
|4759156|86	PFI1695c:pep	64.29	14	5	0	1	14	87	100	5.9	20.8
|4759156|89	MAL13P1.35:pep	76.92	13	3	0	2	14	256	268	3.4	21.9
|4759156|90	MAL13P1.35:pep	78.57	14	3	0	1	14	256	269	0.53	24.3
|4759156|91	MAL13P1.35:pep	76.92	13	3	0	1	13	257	269	1.9	22.7
|4759156|125	PFL2630w:pep	61.54	13	5	0	2	14	121	133	8.4	20.8
|4759156|126	PFL2630w:pep	61.54	13	5	0	1	13	121	133	8.4	20.8
|4759156|152	PF07_0050:pep	63.64	11	4	0	4	14	486	496	0.38	25.0
|4759156|153	PF07_0050:pep	63.64	11	4	0	3	13	486	496	0.38	25.0
|4759156|154	PF07_0050:pep	61.54	13	5	0	2	14	486	498	0.11	26.6
|4759156|155	PF07_0050:pep	61.54	13	5	0	1	13	486	498	0.11	26.6
|4759156|156	PF07_0050:pep	63.64	11	4	0	2	12	488	498	0.71	24.3
|4759156|157	PF07_0050:pep	63.64	11	4	0	1	11	488	498	0.71	24.3
|4759156|158	PFB0665w:pep	52.94	17	5	1	1	14	1612	1628	0.43	25.0
|4759156|207	MAL13P1.249:pep	72.73	11	3	0	3	13	1882	1892	9.6	20.8
|4759156|219	PFI1695c:pep	57.14	14	6	0	1	14	133	146	8.0	20.4
|4759156|220	PFI1695c:pep	72.73	11	3	0	4	14	137	147	1.3	22.7
|4759156|221	PFI1695c:pep	72.73	11	3	0	3	13	137	147	1.8	22.3
|4759156|222	PFI1695c:pep	69.23	13	4	0	2	14	137	149	0.74	23.5
|4759156|223	PFI1695c:pep	71.43	14	4	0	1	14	137	150	0.24	25.0
|4759156|224	PFI1695c:pep	76.92	13	3	0	2	14	139	151	0.097	26.2
|4759156|225	PFI1695c:pep	76.92	13	3	0	1	13	139	151	0.098	26.2
|4759156|226	PFI1695c:pep	71.43	14	4	0	1	14	140	153	0.083	26.6
|4759156|227	PFI1695c:pep	71.43	14	4	0	1	14	141	154	0.033	27.7
|4759156|228	PFI1695c:pep	71.43	14	4	0	1	14	142	155	0.018	28.5
|4759156|229	PFI1695c:pep	64.29	14	5	0	1	14	143	156	0.021	28.1
|4759156|230	PFI1695c:pep	57.14	14	6	0	1	14	144	157	0.10	26.2
|4759156|231	PFI1695c:pep	61.54	13	5	0	1	13	145	157	0.27	25.0
|4759156|232	PFI1695c:pep	58.33	12	5	0	1	12	146	157	2.9	21.9
|4759156|239	PF11_0408:pep	80.00	10	2	0	5	14	1987	1996	7.2	21.2
|4759156|240	PF11_0408:pep	80.00	10	2	0	4	13	1987	1996	9.2	20.8
|4759156|246	PFF0300w:pep	71.43	14	4	0	1	14	196	209	2.1	22.7
|4759156|263	PFI1695c:pep	64.29	14	5	0	1	14	176	189	4.5	21.2
|4759156|264	PFI1695c:pep	64.29	14	5	0	1	14	177	190	4.3	21.2
